function [agentPositions] = makePositions()

% agentPositions =  [18 18; 
%                    18 14; 
%                    17 8; 
%                    17 4; 
%                    16 18; 
%                    14 14; 
%                    14 8; 
%                    14 4; 
%                    11 18; 
%                    11 14; 
%                    10 8; 
%                    10 4; 
%                    8 18; 
%                    8 14; 
%                    7 8; 
%                    7 4;
%                    5 18;
%                    5 14;
%                    4 8;
%                    4 4];

agentPositions =  [16 16; 

                   16 12; 

                   16 8; 

                   16 4; 

                   13 16; 

                   13 12; 

                   13 8; 

                   13 4; 

                   10 16; 

                   10 12; 

                   10 8; 

                   10 4; 

                   7 16; 

                   7 12; 

                   7 8; 

                   7 4; 

                   4 16; 

                   4 12; 

                   4 8; 

                   4 4];
               
% agentPositions =  [11.2 1.1; 
%                    11.1 1.15; 
%                    10.9 1.2; 
%                    11.05 1.15;
%                    11.2 1.25;
%                    9 12.2; 
%                    8.9 12; 
%                    9.1 11.8; 
%                    9 11.9;
%                    8.9 12.05;
%                    12 12.2; 
%                    11.9 12; 
%                    12.1 11.8; 
%                    12 11.9; 
%                    12.1 12.1;
%                    11 20; 
%                    11.1 20.1; 
%                    10.9 19.9; 
%                    11.05 20.15;
%                    11.01, 20.01];
               
% agentPositions = randi([2,19],20,2);

%creates a scatterplot (not needed) 

%scatter(agentPositions(:,1),agentPositions(:,2)); 

end